4096 0.01
0.0401287
0.0401083
0.0400879
0.0400674
0.040047
0.0400266
0.0400063
0.0399859
0.0399655
0.0399452
0.0399249
0.0399046
0.0398843
0.039864
0.0398437
0.0398234
0.0398031
0.0397829
0.0397627
0.0397424
0.0397222
0.039702
0.0396818
0.0396616
0.0396414
0.0396213
0.0396011
0.0395809
0.0395608
0.0395407
0.0395206
0.0395004
0.0394803
0.0394603
0.0394402
0.0394201
0.0394
0.03938
0.0393599
0.0393399
0.0393199
0.0392999
0.0392799
0.0392599
0.0392399
0.0392199
0.0391999
0.03918
0.03916
0.0391401
0.0391202
0.0391002
0.0390803
0.0390604
0.0390405
0.0390207
0.0390008
0.0389809
0.0389611
0.0389412
0.0389214
0.0389016
0.0388818
0.038862
0.0388422
0.0388224
0.0388026
0.0387828
0.0387631
0.0387433
0.0387236
0.0387039
0.0386841
0.0386644
0.0386447
0.038625
0.0386053
0.0385857
0.038566
0.0385463
0.0385267
0.0385071
0.0384874
0.0384678
0.0384482
0.0384286
0.038409
0.0383894
0.0383699
0.0383503
0.0383308
0.0383112
0.0382917
0.0382722
0.0382526
0.0382331
0.0382136
0.0381942
0.0381747
0.0381552
0.0381358
0.0381163
0.0380969
0.0380774
0.038058
0.0380386
0.0380192
0.0379998
0.0379804
0.037961
0.0379417
0.0379223
0.037903
0.0378836
0.0378643
0.037845
0.0378257
0.0378064
0.0377871
0.0377678
0.0377485
0.0377293
0.03771
0.0376907
0.0376715
0.0376523
0.0376331
0.0376139
0.0375947
0.0375755
0.0375563
0.0375371
0.0375179
0.0374988
0.0374796
0.0374605
0.0374414
0.0374223
0.0374032
0.0373841
0.037365
0.0373459
0.0373268
0.0373077
0.0372887
0.0372696
0.0372506
0.0372316
0.0372126
0.0371936
0.0371746
0.0371556
0.0371366
0.0371176
0.0370986
0.0370797
0.0370607
0.0370418
0.0370229
0.037004
0.0369851
0.0369662
0.0369473
0.0369284
0.0369095
0.0368906
0.0368718
0.0368529
0.0368341
0.0368153
0.0367965
0.0367777
0.0367589
0.0367401
0.0367213
0.0367025
0.0366837
0.036665
0.0366462
0.0366275
0.0366088
0.03659
0.0365713
0.0365526
0.0365339
0.0365153
0.0364966
0.0364779
0.0364593
0.0364406
0.036422
0.0364033
0.0363847
0.0363661
0.0363475
0.0363289
0.0363103
0.0362917
0.0362732
0.0362546
0.0362361
0.0362175
0.036199
0.0361805
0.036162
0.0361434
0.036125
0.0361065
0.036088
0.0360695
0.0360511
0.0360326
0.0360142
0.0359957
0.0359773
0.0359589
0.0359405
0.0359221
0.0359037
0.0358853
0.0358669
0.0358486
0.0358302
0.0358119
0.0357935
0.0357752
0.0357569
0.0357385
0.0357202
0.035702
0.0356837
0.0356654
0.0356471
0.0356289
0.0356106
0.0355924
0.0355741
0.0355559
0.0355377
0.0355195
0.0355013
0.0354831
0.0354649
0.0354467
0.0354286
0.0354104
0.0353923
0.0353741
0.035356
0.0353379
0.0353198
0.0353017
0.0352836
0.0352655
0.0352474
0.0352294
0.0352113
0.0351933
0.0351752
0.0351572
0.0351392
0.0351211
0.0351031
0.0350851
0.0350671
0.0350492
0.0350312
0.0350132
0.0349953
0.0349773
0.0349594
0.0349415
0.0349235
0.0349056
0.0348877
0.0348698
0.0348519
0.0348341
0.0348162
0.0347983
0.0347805
0.0347626
0.0347448
0.034727
0.0347092
0.0346913
0.0346735
0.0346557
0.034638
0.0346202
0.0346024
0.0345847
0.0345669
0.0345492
0.0345314
0.0345137
0.034496
0.0344783
0.0344606
0.0344429
0.0344252
0.0344075
0.0343899
0.0343722
0.0343546
0.0343369
0.0343193
0.0343017
0.0342841
0.0342665
0.0342489
0.0342313
0.0342137
0.0341961
0.0341786
0.034161
0.0341435
0.0341259
0.0341084
0.0340909
0.0340734
0.0340559
0.0340384
0.0340209
0.0340034
0.0339859
0.0339685
0.033951
0.0339336
0.0339161
0.0338987
0.0338813
0.0338639
0.0338465
0.0338291
0.0338117
0.0337943
0.0337769
0.0337596
0.0337422
0.0337249
0.0337075
0.0336902
0.0336729
0.0336556
0.0336383
0.033621
0.0336037
0.0335864
0.0335691
0.0335519
0.0335346
0.0335174
0.0335002
0.0334829
0.0334657
0.0334485
0.0334313
0.0334141
0.0333969
0.0333797
0.0333626
0.0333454
0.0333282
0.0333111
0.033294
0.0332768
0.0332597
0.0332426
0.0332255
0.0332084
0.0331913
0.0331742
0.0331572
0.0331401
0.033123
0.033106
0.0330889
0.0330719
0.0330549
0.0330379
0.0330209
0.0330039
0.0329869
0.0329699
0.0329529
0.032936
0.032919
0.0329021
0.0328851
0.0328682
0.0328513
0.0328343
0.0328174
0.0328005
0.0327836
0.0327668
0.0327499
0.032733
0.0327162
0.0326993
0.0326825
0.0326656
0.0326488
0.032632
0.0326152
0.0325984
0.0325816
0.0325648
0.032548
0.0325312
0.0325145
0.0324977
0.032481
0.0324642
0.0324475
0.0324308
0.0324141
0.0323974
0.0323807
0.032364
0.0323473
0.0323306
0.032314
0.0322973
0.0322807
0.032264
0.0322474
0.0322308
0.0322141
0.0321975
0.0321809
0.0321643
0.0321477
0.0321312
0.0321146
0.032098
0.0320815
0.0320649
0.0320484
0.0320319
0.0320153
0.0319988
0.0319823
0.0319658
0.0319493
0.0319329
0.0319164
0.0318999
0.0318835
0.031867
0.0318506
0.0318341
0.0318177
0.0318013
0.0317849
0.0317685
0.0317521
0.0317357
0.0317193
0.0317029
0.0316866
0.0316702
0.0316539
0.0316375
0.0316212
0.0316049
0.0315886
0.0315723
0.031556
0.0315397
0.0315234
0.0315071
0.0314908
0.0314746
0.0314583
0.0314421
0.0314258
0.0314096
0.0313934
0.0313772
0.031361
0.0313448
0.0313286
0.0313124
0.0312962
0.0312801
0.0312639
0.0312478
0.0312316
0.0312155
0.0311994
0.0311832
0.0311671
0.031151
0.0311349
0.0311188
0.0311027
0.0310867
0.0310706
0.0310546
0.0310385
0.0310225
-0.276372
-0.57824
-0.874565
-1.16533
-1.4503
-1.72958
-2.00331
-2.2715
-2.53404
-2.79084
-3.04214
-3.28797
-3.52836
-3.76303
-3.99231
-4.21626
-4.43489
-4.64808
-4.85594
-5.05863
-5.2562
-5.44861
-5.63581
-5.81803
-5.99535
-6.1678
-6.33522
-6.49788
-6.65587
-6.80922
-6.9579
-7.10197
-7.24162
-7.3769
-7.50783
-7.63436
-7.75673
-7.87499
-7.9892
-8.09929
-8.20545
-8.30778
-8.40633
-8.5011
-8.59217
-8.67967
-8.76369
-8.84426
-8.92135
-8.99517
-9.06579
-9.13327
-9.19758
-9.25889
-9.3173
-9.37288
-9.42566
-9.47572
-9.5232
-9.56821
-9.61082
-9.65105
-9.6891
-9.72509
-9.75913
-9.79128
-9.82173
-9.85066
-9.87823
-9.90458
-9.9299
-9.95446
-9.97849
-10.0022
-10.026
-10.05
-10.0748
-10.1007
-10.1281
-10.1575
-10.1895
-10.2247
-10.2637
-10.3073
-10.3565
-10.412
-10.475
-10.5466
-10.6281
-10.7211
-10.8272
-10.9481
-11.0861
-11.2435
-11.4229
-11.6275
-11.8606
-12.1263
-12.4292
-12.7745
-13.0671
-13.4182
-13.8356
-14.3287
-14.908
-15.5863
-16.3792
-17.3047
-18.3851
-19.6478
-21.1255
-22.8591
-24.8987
-27.3064
-30.1591
-33.5523
-37.6033
-42.4562
-48.2849
-55.2943
-63.7183
-73.8113
-85.8285
-99.9881
-116.395
-134.895
-154.857
-174.959
-193.165
-207.053
-214.437
-214.023
-205.785
-190.931
-171.48
-149.684
-127.534
-106.485
-87.4012
-70.6534
-56.2664
-44.0604
-33.7588
-25.0589
-17.6719
-11.3422
-5.85366
-1.02938
3.27277
7.16476
10.7337
14.0465
17.1542
20.0946
22.8956
25.5772
28.153
30.6322
33.0201
35.3192
37.5301
39.652
41.6828
43.6202
45.4613
47.2029
48.8425
50.3772
51.8048
53.1233
54.3314
55.428
56.4129
57.286
58.048
58.7001
59.2438
59.6812
60.0149
60.2479
60.3837
60.4259
60.379
60.2475
60.0365
59.7517
59.3989
58.9845
58.5154
57.9988
57.4422
56.8534
56.2403
55.6109
54.9725
54.3321
53.6959
53.0688
52.4541
51.8536
51.2672
50.6931
50.1274
49.5654
49.0015
48.4299
47.8457
47.2454
46.6273
45.9913
45.3391
44.6733
43.9962
43.3098
42.6149
41.9104
41.1941
40.4625
39.7108
38.9343
38.1283
37.2885
36.4117
35.4964
34.542
33.5499
32.5232
31.4658
30.3832
29.2816
28.1677
27.0482
25.9302
24.8199
23.7233
22.6457
21.5915
20.5647
19.5681
18.6039
17.6739
16.7791
15.9199
15.0964
14.3083
13.5551
12.8359
12.1497
11.4955
10.8721
10.2783
9.71275
9.17423
8.66157
8.17346
7.70871
7.26625
6.84491
6.44361
6.06143
5.69733
5.35037
5.01976
4.70463
4.40415
4.11768
3.84445
3.58377
3.3351
3.0978
2.87125
2.65503
2.44859
2.2514
2.06311
1.88327
1.71139
1.54722
1.39035
1.24037
1.09707
0.960116
0.829132
0.703959
0.584316
0.469861
0.360477
0.255925
0.155893
0.0602997
-0.0310579
-0.118468
-0.201983
-0.281773
-0.35811
-0.431017
-0.500642
-0.567238
-0.630809
-0.691478
-0.749487
-0.804821
-0.857587
-0.908005
-0.956057
-1.00183
-1.04553
-1.08713
-1.12671
-1.16445
-1.20033
-1.23441
-1.26686
-1.29766
-1.32685
-1.35459
-1.38087
-1.40571
-1.42926
-1.45151
-1.47248
-1.49229
-1.51095
-1.52846
-1.54495
-1.5604
-1.57483
-1.58835
-1.60095
-1.61262
-1.62349
-1.63353
-1.64275
-1.65125
-1.65902
-1.66605
-1.67243
-1.67816
-1.68323
-1.68773
-1.69165
-1.69497
-1.69778
-1.70008
-1.70185
-1.70316
-1.70402
-1.7044
-1.70437
-1.70395
-1.7031
-1.70188
-1.70031
-1.69836
-1.69608
-1.6935
-1.69058
-1.68736
-1.68388
-1.68009
-1.67605
-1.67177
-1.66722
-1.66245
-1.65747
-1.65225
-1.64683
-1.64123
-1.63542
-1.62943
-1.6233
-1.61697
-1.61049
-1.60388
-1.59711
-1.5902
-1.58318
-1.57602
-1.56873
-1.56137
-1.55387
-1.54627
-1.5386
-1.53082
-1.52294
-1.51501
-1.50699
-1.49888
-1.49075
-1.48252
-1.47423
-1.46591
-1.45752
-1.44907
-1.44061
-1.43209
-1.42352
-1.41494
-1.40632
-1.39765
-1.38899
-1.38029
-1.37155
-1.36283
-1.35408
-1.3453
-1.33654
-1.32775
-1.31894
-1.31016
-1.30137
-1.29255
-1.28377
-1.27498
-1.26617
-1.2574
-1.24863
-1.23985
-1.23111
-1.22238
-1.21363
-1.20493
-1.19624
-1.18755
-1.1789
-1.17027
-1.16164
-1.15305
-1.14448
-1.13592
-1.12741
-1.11891
-1.11043
-1.10199
-1.09358
-1.08519
-1.07684
-1.06852
-1.06021
-1.05195
-1.04372
-1.03552
-1.02735
-1.01923
-1.01112
-1.00306
-0.995037
-0.987037
-0.97908
-0.971166
-0.963275
-0.955427
-0.947624
-0.939845
-0.932108
-0.924418
-0.916754
-0.909131
-0.901557
-0.894008
-0.886501
-0.879044
-0.871614
-0.864224
-0.856885
-0.849573
-0.842302
-0.835082
-0.827891
-0.820738
-0.813639
-0.806567
-0.799534
-0.792555
-0.785604
-0.778691
-0.771832
-0.765002
-0.758208
-0.75147
-0.74476
-0.738085
-0.731467
-0.724877
-0.718322
-0.711823
-0.705353
-0.698915
-0.692535
-0.686184
-0.679864
-0.673602
-0.667368
-0.661165
-0.65502
-0.648903
-0.642816
-0.636786
-0.630785
-0.624813
-0.618898
-0.613012
-0.607154
-0.601351
-0.595578
-0.589833
-0.584142
-0.578481
-0.572847
-0.567266
-0.561716
-0.556192
-0.55072
-0.545278
-0.539863
-0.534498
-0.529164
-0.523856
-0.518596
-0.513368
-0.508166
-0.50301
-0.497886
-0.492788
-0.487735
-0.482713
-0.477718
-0.472765
-0.467845
-0.46295
-0.458097
-0.453276
-0.44848
-0.443724
-0.439001
-0.434302
-0.429643
-0.425016
-0.420413
-0.415848
-0.411315
-0.406806
-0.402333
-0.397894
-0.393477
-0.389096
-0.384747
-0.380421
-0.376129
-0.37187
-0.367633
-0.363429
-0.359257
-0.355108
-0.35099
-0.346904
-0.342841
-0.338807
-0.334806
-0.330827
-0.326876
-0.322958
-0.319061
-0.315192
-0.311356
-0.30754
-0.30375
-0.299994
-0.296257
-0.292546
-0.288867
-0.285209
-0.281574
-0.277972
-0.27439
-0.270831
-0.267304
-0.263796
-0.260311
-0.256858
-0.253424
-0.250011
-0.24663
-0.243267
-0.239925
-0.236615
-0.233323
-0.23005
-0.226809
-0.223586
-0.220381
-0.217208
-0.214053
-0.210915
-0.207808
-0.204719
-0.201646
-0.198605
-0.19558
-0.192572
-0.189594
-0.186633
-0.183688
-0.180772
-0.177873
-0.174989
-0.172135
-0.169297
-0.166474
-0.163679
-0.1609
-0.158137
-0.1554
-0.15268
-0.149974
-0.147295
-0.144632
-0.141983
-0.139359
-0.136752
-0.134159
-0.131591
-0.129039
-0.1265
-0.123985
-0.121487
-0.119002
-0.116539
-0.114093
-0.111661
-0.10925
-0.106855
-0.104474
-0.102113
-0.0997693
-0.097438
-0.0951268
-0.0928322
-0.09055
-0.0882871
-0.0860409
-0.0838068
-0.0815912
-0.0793923
-0.0772053
-0.0750361
-0.0728836
-0.0707427
-0.0686189
-0.0665117
-0.064416
-0.0623366
-0.0602739
-0.0582223
-0.0561866
-0.0541673
-0.052159
-0.0501659
-0.0481893
-0.0462234
-0.044272
-0.0423371
-0.0404127
-0.0385022
-0.0366081
-0.0347243
-0.0328539
-0.0309999
-0.0291559
-0.0273247
-0.0255098
-0.0237048
-0.021912
-0.0201355
-0.0183686
-0.0166135
-0.0148745
-0.013145
-0.0114267
-0.00972449
-0.00803155
-0.00634937
-0.00468321
-0.0030261
-0.00137928
0.000251607
0.00187363
0.00348582
0.00508216
0.00666982
0.00824809
0.00981058
0.0113646
0.0129096
0.014439
0.01596
0.0174725
0.0189694
0.0204582
0.0219388
0.0234039
0.024861
0.0263102
0.0277444
0.0291706
0.0305889
0.0319928
0.0333887
0.0347769
0.0361511
0.0375172
0.0388758
0.040221
0.041558
0.0428877
0.0442044
0.0455129
0.0468142
0.048103
0.0493835
0.0506571
0.0519185
0.0531717
0.054418
0.0556527
0.0568791
0.0580987
0.0593072
0.0605073
0.0617008
0.0628835
0.0640579
0.0652259
0.0663834
0.0675326
0.0686754
0.0698083
0.0709328
0.0720511
0.0731597
0.07426
0.0753542
0.0764392
0.0775158
0.0785864
0.0796481
0.0807014
0.081749
0.0827879
0.0838185
0.0848434
0.08586
0.0868683
0.087871
0.0888657
0.0898522
0.0908331
0.0918064
0.0927714
0.0937311
0.0946834
0.0956274
0.0965662
0.0974979
0.0984214
0.0993397
0.100251
0.101154
0.102053
0.102945
0.103828
0.104707
0.105579
0.106443
0.107303
0.108156
0.109001
0.109842
0.110676
0.111503
0.112325
0.113141
0.11395
0.114753
0.115552
0.116343
0.117129
0.11791
0.118683
0.119451
0.120215
0.120971
0.121722
0.122469
0.123208
0.123943
0.124674
0.125396
0.126114
0.126829
0.127535
0.128237
0.128935
0.129626
0.130313
0.130995
0.13167
0.132341
0.133008
0.133668
0.134324
0.134976
0.135622
0.136263
0.1369
0.137531
0.138157
0.13878
0.139396
0.140009
0.140617
0.14122
0.141818
0.142412
0.143001
0.143586
0.144167
0.144742
0.145313
0.14588
0.146443
0.147
0.147555
0.148104
0.148649
0.149191
0.149727
0.150259
0.150788
0.151312
0.151832
0.152349
0.15286
0.153368
0.153873
0.154372
0.154868
0.155361
0.155849
0.156333
0.156814
0.15729
0.157763
0.158232
0.158698
0.159159
0.159617
0.160072
0.160522
0.160969
0.161412
0.161852
0.162288
0.162721
0.16315
0.163576
0.163998
0.164416
0.164832
0.165244
0.165652
0.166058
0.16646
0.166858
0.167253
0.167645
0.168034
0.168419
0.168802
0.169181
0.169557
0.16993
0.170299
0.170666
0.17103
0.171389
0.171747
0.172102
0.172452
0.172801
0.173147
0.173489
0.173828
0.174165
0.174498
0.174829
0.175158
0.175482
0.175805
0.176125
0.176441
0.176755
0.177067
0.177375
0.177681
0.177984
0.178284
0.178582
0.178878
0.17917
0.17946
0.179747
0.180032
0.180314
0.180594
0.180871
0.181145
0.181418
0.181687
0.181954
0.18222
0.182482
0.182741
0.182999
0.183254
0.183507
0.183758
0.184006
0.184251
0.184495
0.184736
0.184975
0.185212
0.185446
0.185678
0.185909
0.186136
0.186362
0.186585
0.186807
0.187026
0.187243
0.187458
0.18767
0.187881
0.18809
0.188296
0.188501
0.188703
0.188903
0.189102
0.189299
0.189493
0.189686
0.189876
0.190064
0.190251
0.190436
0.190619
0.1908
0.190979
0.191156
0.191331
0.191505
0.191676
0.191846
0.192014
0.19218
0.192345
0.192508
0.192668
0.192827
0.192985
0.19314
0.193294
0.193447
0.193597
0.193746
0.193893
0.194038
0.194182
0.194325
0.194465
0.194604
0.194742
0.194877
0.195011
0.195144
0.195275
0.195404
0.195532
0.195658
0.195783
0.195907
0.196028
0.196149
0.196268
0.196385
0.1965
0.196615
0.196728
0.196839
0.19695
0.197058
0.197165
0.197271
0.197375
0.197478
0.19758
0.19768
0.197779
0.197877
0.197973
0.198068
0.198162
0.198254
0.198345
0.198435
0.198523
0.19861
0.198696
0.19878
0.198863
0.198946
0.199026
0.199106
0.199184
0.199261
0.199337
0.199412
0.199486
0.199558
0.199629
0.199699
0.199768
0.199836
0.199902
0.199967
0.200032
0.200095
0.200157
0.200218
0.200277
0.200336
0.200394
0.20045
0.200506
0.20056
0.200614
0.200666
0.200717
0.200767
0.200816
0.200865
0.200912
0.200958
0.201003
0.201047
0.20109
0.201132
0.201173
0.201213
0.201253
0.201291
0.201328
0.201365
0.2014
0.201434
0.201468
0.201501
0.201532
0.201563
0.201593
0.201622
0.20165
0.201677
0.201704
0.201729
0.201754
0.201777
0.2018
0.201822
0.201843
0.201864
0.201883
0.201902
0.20192
0.201937
0.201953
0.201968
0.201983
0.201997
0.20201
0.202022
0.202033
0.202044
0.202054
0.202063
0.202072
0.202079
0.202086
0.202092
0.202098
0.202102
0.202106
0.202109
0.202112
0.202113
0.202115
0.202115
0.202115
0.202114
0.202112
0.202109
0.202106
0.202102
0.202098
0.202093
0.202087
0.20208
0.202073
0.202066
0.202057
0.202048
0.202038
0.202028
0.202017
0.202005
0.201993
0.201981
0.201967
0.201953
0.201938
0.201923
0.201907
0.201891
0.201874
0.201856
0.201838
0.201819
0.2018
0.20178
0.201759
0.201738
0.201717
0.201695
0.201672
0.201649
0.201625
0.2016
0.201576
0.20155
0.201524
0.201498
0.201471
0.201443
0.201415
0.201387
0.201358
0.201328
0.201298
0.201268
0.201237
0.201205
0.201173
0.201141
0.201108
0.201075
0.201041
0.201007
0.200972
0.200936
0.200901
0.200864
0.200828
0.200791
0.200753
0.200715
0.200677
0.200638
0.200599
0.200559
0.200519
0.200478
0.200437
0.200396
0.200354
0.200312
0.200269
0.200226
0.200182
0.200138
0.200094
0.20005
0.200004
0.199959
0.199913
0.199867
0.19982
0.199773
0.199726
0.199678
0.19963
0.199582
0.199533
0.199484
0.199434
0.199384
0.199334
0.199283
0.199232
0.199181
0.199129
0.199077
0.199025
0.198972
0.198919
0.198865
0.198812
0.198758
0.198703
0.198649
0.198593
0.198538
0.198482
0.198426
0.19837
0.198314
0.198257
0.1982
0.198142
0.198084
0.198026
0.197968
0.197909
0.19785
0.197791
0.197731
0.197671
0.197611
0.19755
0.19749
0.197429
0.197367
0.197306
0.197244
0.197182
0.19712
0.197057
0.196994
0.196931
0.196867
0.196804
0.19674
0.196676
0.196611
0.196547
0.196482
0.196416
0.196351
0.196285
0.196219
0.196153
0.196087
0.19602
0.195953
0.195886
0.195819
0.195751
0.195683
0.195615
0.195547
0.195479
0.19541
0.195341
0.195272
0.195203
0.195133
0.195063
0.194993
0.194923
0.194853
0.194782
0.194711
0.19464
0.194569
0.194498
0.194426
0.194354
0.194282
0.19421
0.194138
0.194065
0.193993
0.19392
0.193846
0.193773
0.1937
0.193626
0.193552
0.193478
0.193404
0.193329
0.193255
0.19318
0.193105
0.19303
0.192955
0.192879
0.192804
0.192728
0.192652
0.192576
0.1925
0.192423
0.192347
0.19227
0.192193
0.192116
0.192039
0.191962
0.191884
0.191806
0.191729
0.191651
0.191573
0.191495
0.191416
0.191338
0.191259
0.19118
0.191101
0.191022
0.190943
0.190864
0.190784
0.190705
0.190625
0.190545
0.190465
0.190385
0.190305
0.190224
0.190144
0.190063
0.189982
0.189901
0.18982
0.189739
0.189658
0.189577
0.189495
0.189414
0.189332
0.18925
0.189168
0.189086
0.189004
0.188922
0.188839
0.188757
0.188674
0.188592
0.188509
0.188426
0.188343
0.18826
0.188177
0.188093
0.18801
0.187926
0.187843
0.187759
0.187675
0.187591
0.187507
0.187423
0.187339
0.187255
0.187171
0.187086
0.187002
0.186917
0.186832
0.186748
0.186663
0.186578
0.186493
0.186408
0.186322
0.186237
0.186152
0.186066
0.185981
0.185895
0.185809
0.185724
0.185638
0.185552
0.185466
0.18538
0.185294
0.185208
0.185121
0.185035
0.184949
0.184862
0.184775
0.184689
0.184602
0.184515
0.184429
0.184342
0.184255
0.184168
0.184081
0.183994
0.183906
0.183819
0.183732
0.183644
0.183557
0.183469
0.183382
0.183294
0.183207
0.183119
0.183031
0.182943
0.182855
0.182768
0.18268
0.182591
0.182503
0.182415
0.182327
0.182239
0.182151
0.182062
0.181974
0.181885
0.181797
0.181708
0.18162
0.181531
0.181443
0.181354
0.181265
0.181176
0.181088
0.180999
0.18091
0.180821
0.180732
0.180643
0.180554
0.180465
0.180375
0.180286
0.180197
0.180108
0.180019
0.179929
0.17984
0.17975
0.179661
0.179572
0.179482
0.179393
0.179303
0.179213
0.179124
0.179034
0.178945
0.178855
0.178765
0.178675
0.178586
0.178496
0.178406
0.178316
0.178226
0.178136
0.178046
0.177956
0.177866
0.177776
0.177686
0.177596
0.177506
0.177416
0.177326
0.177236
0.177146
0.177055
0.176965
0.176875
0.176785
0.176694
0.176604
0.176514
0.176424
0.176333
0.176243
0.176153
0.176062
0.175972
0.175881
0.175791
0.1757
0.17561
0.17552
0.175429
0.175339
0.175248
0.175158
0.175067
0.174976
0.174886
0.174795
0.174705
0.174614
0.174524
0.174433
0.174342
0.174252
0.174161
0.17407
0.17398
0.173889
0.173799
0.173708
0.173617
0.173526
0.173436
0.173345
0.173254
0.173164
0.173073
0.172982
0.172892
0.172801
0.17271
0.172619
0.172529
0.172438
0.172347
0.172257
0.172166
0.172075
0.171984
0.171894
0.171803
0.171712
0.171621
0.171531
0.17144
0.171349
0.171258
0.171168
0.171077
0.170986
0.170896
0.170805
0.170714
0.170623
0.170533
0.170442
0.170351
0.170261
0.17017
0.170079
0.169989
0.169898
0.169807
0.169717
0.169626
0.169535
0.169445
0.169354
0.169263
0.169173
0.169082
0.168991
0.168901
0.16881
0.16872
0.168629
0.168538
0.168448
0.168357
0.16866
0.168788
0.168693
0.168598
0.168503
0.168408
0.168314
0.168219
0.168124
0.16803
0.167935
0.167841
0.167746
0.167652
0.167557
0.167463
0.167368
0.167274
0.16718
0.167086
0.166991
0.166897
0.166803
0.166709
0.166615
0.166521
0.166427
0.166333
0.166239
0.166145
0.166052
0.165958
0.165864
0.165771
0.165677
0.165583
0.16549
0.165396
0.165303
0.165209
0.165116
0.165023
0.164929
0.164836
0.164743
0.16465
0.164556
0.164463
0.16437
0.164277
0.164184
0.164091
0.163998
0.163905
0.163813
0.16372
0.163627
0.163534
0.163442
0.163349
0.163256
0.163164
0.163071
0.162979
0.162886
0.162794
0.162702
0.162609
0.162517
0.162425
0.162333
0.162241
0.162148
0.162056
0.161964
0.161872
0.16178
0.161689
0.161597
0.161505
0.161413
0.161321
0.16123
0.161138
0.161046
0.160955
0.160863
0.160772
0.16068
0.160589
0.160497
0.160406
0.160315
0.160224
0.160132
0.160041
0.15995
0.159859
0.159768
0.159677
0.159586
0.159495
0.159404
0.159313
0.159222
0.159132
0.159041
0.15895
0.15886
0.158769
0.158678
0.158588
0.158497
0.158407
0.158317
0.158226
0.158136
0.158046
0.157955
0.157865
0.157775
0.157685
0.157595
0.157505
0.157415
0.157325
0.157235
0.157145
0.157055
0.156965
0.156876
0.156786
0.156696
0.156607
0.156517
0.156428
0.156338
0.156249
0.156159
0.15607
0.15598
0.155891
0.155802
0.155713
0.155623
0.155534
0.155445
0.155356
0.155267
0.155178
0.155089
0.155
0.154912
0.154823
0.154734
0.154645
0.154557
0.154468
0.154379
0.154291
0.154202
0.154114
0.154025
0.153937
0.153849
0.15376
0.153672
0.153584
0.153496
0.153408
0.153319
0.153231
0.153143
0.153055
0.152967
0.15288
0.152792
0.152704
0.152616
0.152528
0.152441
0.152353
0.152265
0.152178
0.15209
0.152003
0.151915
0.151828
0.151741
0.151653
0.151566
0.151479
0.151392
0.151304
0.151217
0.15113
0.151043
0.150956
0.150869
0.150782
0.150695
0.150609
0.150522
0.150435
0.150348
0.150262
0.150175
0.150089
0.150002
0.149915
0.149829
0.149743
0.149656
0.14957
0.149484
0.149397
0.149311
0.149225
0.149139
0.149053
0.148967
0.148881
0.148795
0.148709
0.148623
0.148537
0.148451
0.148366
0.14828
0.148194
0.148109
0.148023
0.147937
0.147852
0.147766
0.147681
0.147596
0.14751
0.147425
0.14734
0.147255
0.147169
0.147084
0.146999
0.146914
0.146829
0.146744
0.146659
0.146574
0.146489
0.146405
0.14632
0.146235
0.14615
0.146066
0.145981
0.145897
0.145812
0.145728
0.145643
0.145559
0.145474
0.14539
0.145306
0.145222
0.145137
0.145053
0.144969
0.144885
0.144801
0.144717
0.144633
0.144549
0.144465
0.144382
0.144298
0.144214
0.14413
0.144047
0.143963
0.143879
0.143796
0.143712
0.143629
0.143546
0.143462
0.143379
0.143296
0.143212
0.143129
0.143046
0.142963
0.14288
0.142797
0.142714
0.142631
0.142548
0.142465
0.142382
0.142299
0.142217
0.142134
0.142051
0.141969
0.141886
0.141803
0.141721
0.141638
0.141556
0.141474
0.141391
0.141309
0.141227
0.141144
0.141062
0.14098
0.140898
0.140816
0.140734
0.140652
0.14057
0.140488
0.140406
0.140324
0.140243
0.140161
0.140079
0.139998
0.139916
0.139834
0.139753
0.139671
0.13959
0.139509
0.139427
0.139346
0.139265
0.139183
0.139102
0.139021
0.13894
0.138859
0.138778
0.138697
0.138616
0.138535
0.138454
0.138373
0.138292
0.138212
0.138131
0.13805
0.13797
0.137889
0.137808
0.137728
0.137647
0.137567
0.137487
0.137406
0.137326
0.137246
0.137165
0.137085
0.137005
0.136925
0.136845
0.136765
0.136685
0.136605
0.136525
0.136445
0.136365
0.136286
0.136206
0.136126
0.136046
0.135967
0.135887
0.135808
0.135728
0.135649
0.135569
0.13549
0.135411
0.135331
0.135252
0.135173
0.135094
0.135014
0.134935
0.134856
0.134777
0.134698
0.134619
0.13454
0.134462
0.134383
0.134304
0.134225
0.134147
0.134068
0.133989
0.133911
0.133832
0.133754
0.133675
0.133597
0.133518
0.13344
0.133362
0.133284
0.133205
0.133127
0.133049
0.132971
0.132893
0.132815
0.132737
0.132659
0.132581
0.132503
0.132425
0.132348
0.13227
0.132192
0.132114
0.132037
0.131959
0.131882
0.131804
0.131727
0.131649
0.131572
0.131495
0.131417
0.13134
0.131263
0.131186
0.131109
0.131031
0.130954
0.130877
0.1308
0.130723
0.130646
0.13057
0.130493
0.130416
0.130339
0.130263
0.130186
0.130109
0.130033
0.129956
0.12988
0.129803
0.129727
0.12965
0.129574
0.129498
0.129421
0.129345
0.129269
0.129193
0.129117
0.129041
0.128965
0.128889
0.128813
0.128737
0.128661
0.128585
0.128509
0.128433
0.128358
0.128282
0.128206
0.128131
0.128055
0.12798
0.127904
0.127829
0.127753
0.127678
0.127603
0.127527
0.127452
0.127377
0.127302
0.127227
0.127152
0.127077
0.127001
0.126927
0.126852
0.126777
0.126702
0.126627
0.126552
0.126477
0.126403
0.126328
0.126253
0.126179
0.126104
0.12603
0.125955
0.125881
0.125807
0.125732
0.125658
0.125584
0.125509
0.125435
0.125361
0.125287
0.125213
0.125139
0.125065
0.124991
0.124917
0.124843
0.124769
0.124695
0.124622
0.124548
0.124474
0.1244
0.124327
0.124253
0.12418
0.124106
0.124033
0.123959
0.123886
0.123813
0.123739
0.123666
0.123593
0.12352
0.123446
0.123373
0.1233
0.123227
0.123154
0.123081
0.123008
0.122935
0.122863
0.12279
0.122717
0.122644
0.122572
0.122499
0.122426
0.122354
0.122281
0.122209
0.122136
0.122064
0.121991
0.121919
0.121847
0.121775
0.121702
0.12163
0.121558
0.121486
0.121414
0.121342
0.12127
0.121198
0.121126
0.121054
0.120982
0.12091
0.120838
0.120767
0.120695
0.120623
0.120552
0.12048
0.120409
0.120337
0.120266
0.120194
0.120123
0.120051
0.11998
0.119909
0.119838
0.119766
0.119695
0.119624
0.119553
0.119482
0.119411
0.11934
0.119269
0.119198
0.119127
0.119056
0.118985
0.118915
0.118844
0.118773
0.118703
0.118632
0.118561
0.118491
0.11842
0.11835
0.11828
0.118209
0.118139
0.118069
0.117998
0.117928
0.117858
0.117788
0.117718
0.117647
0.117577
0.117507
0.117437
0.117367
0.117298
0.117228
0.117158
0.117088
0.117018
0.116949
0.116879
0.116809
0.11674
0.11667
0.116601
0.116531
0.116462
0.116392
0.116323
0.116254
0.116184
0.116115
0.116046
0.115977
0.115907
0.115838
0.115769
0.1157
0.115631
0.115562
0.115493
0.115424
0.115355
0.115287
0.115218
0.115149
0.11508
0.115012
0.114943
0.114874
0.114806
0.114737
0.114669
0.1146
0.114532
0.114464
0.114395
0.114327
0.114259
0.11419
0.114122
0.114054
0.113986
0.113918
0.11385
0.113782
0.113714
0.113646
0.113578
0.11351
0.113442
0.113374
0.113307
0.113239
0.113171
0.113104
0.113036
0.112968
0.112901
0.112833
0.112766
0.112698
0.112631
0.112564
0.112496
0.112429
0.112362
0.112295
0.112227
0.11216
0.112093
0.112026
0.111959
0.111892
0.111825
0.111758
0.111691
0.111624
0.111558
0.111491
0.111424
0.111357
0.111291
0.111224
0.111157
0.111091
0.111024
0.110958
0.110891
0.110825
0.110758
0.110692
0.110626
0.11056
0.110493
0.110427
0.110361
0.110295
0.110229
0.110163
0.110097
0.110031
0.109965
0.109899
0.109833
0.109767
0.109701
0.109635
0.10957
0.109504
0.109438
0.109372
0.109307
0.109241
0.109176
0.10911
0.109045
0.108979
0.108914
0.108849
0.108783
0.108718
0.108653
0.108588
0.108522
0.108457
0.108392
0.108327
0.108262
0.108197
0.108132
0.108067
0.108002
0.107937
0.107872
0.107808
0.107743
0.107678
0.107613
0.107549
0.107484
0.10742
0.107355
0.107291
0.107226
0.107162
0.107097
0.107033
0.106969
0.106904
0.10684
0.106776
0.106712
0.106647
0.106583
0.106519
0.106455
0.106391
0.106327
0.106263
0.106199
0.106135
0.106071
0.106008
0.105944
0.10588
0.105816
0.105753
0.105689
0.105625
0.105562
0.105498
0.105435
0.105371
0.105308
0.105244
0.105181
0.105118
0.105054
0.104991
0.104928
0.104865
0.104802
0.104738
0.104675
0.104612
0.104549
0.104486
0.104423
0.10436
0.104298
0.104235
0.104172
0.104109
0.104046
0.103984
0.103921
0.103858
0.103796
0.103733
0.103671
0.103608
0.103546
0.103483
0.103421
0.103358
0.103296
0.103234
0.103171
0.103109
0.103047
0.102985
0.102923
0.102861
0.102799
0.102736
0.102674
0.102613
0.102551
0.102489
0.102427
0.102365
0.102303
0.102241
0.10218
0.102118
0.102056
0.101995
0.101933
0.101872
0.10181
0.101749
0.101687
0.101626
0.101564
0.101503
0.101442
0.10138
0.101319
0.101258
0.101197
0.101135
0.101074
0.101013
0.100952
0.100891
0.10083
0.100769
0.100708
0.100647
0.100586
0.100526
0.100465
0.100404
0.100343
0.100283
0.100222
0.100161
0.100101
0.10004
0.0999797
0.0999192
0.0998588
0.0997983
0.0997379
0.0996776
0.0996173
0.099557
0.0994967
0.0994365
0.0993763
0.0993161
0.099256
0.0991959
0.0991358
0.0990758
0.0990158
0.0989558
0.0988959
0.098836
0.0987761
0.0987163
0.0986565
0.0985967
0.098537
0.0984773
0.0984176
0.098358
0.0982984
0.0982388
0.0981793
0.0981198
0.0980603
0.0980009
0.0979415
0.0978821
0.0978227
0.0977634
0.0977042
0.0976449
0.0975857
0.0975265
0.0974674
0.0974083
0.0973492
0.0972901
0.0972311
0.0971721
0.0971132
0.0970543
0.0969954
0.0969365
0.0968777
0.0968189
0.0967602
0.0967014
0.0966427
0.0965841
0.0965254
0.0964668
0.0964083
0.0963498
0.0962913
0.0962328
0.0961744
0.096116
0.0960576
0.0959992
0.0959409
0.0958827
0.0958244
0.0957662
0.095708
0.0956499
0.0955918
0.0955337
0.0954756
0.0954176
0.0953596
0.0953017
0.0952438
0.0951859
0.095128
0.0950702
0.0950124
0.0949546
0.0948969
0.0948392
0.0947816
0.0947239
0.0946663
0.0946087
0.0945512
0.0944937
0.0944362
0.0943788
0.0943214
0.094264
0.0942066
0.0941493
0.094092
0.0940348
0.0939776
0.0939204
0.0938632
0.0938061
0.093749
0.0936919
0.0936349
0.0935779
0.0935209
0.093464
0.0934071
0.0933502
0.0932934
0.0932365
0.0931798
0.093123
0.0930663
0.0930096
0.0929529
0.0928963
0.0928397
0.0927832
0.0927266
0.0926701
0.0926137
0.0925572
0.0925008
0.0924445
0.0923881
0.0923318
0.0922755
0.0922193
0.092163
0.0921069
0.0920507
0.0919946
0.0919385
0.0918824
0.0918264
0.0917704
0.0917144
0.0916585
0.0916026
0.0915467
0.0914908
0.091435
0.0913792
0.0913235
0.0912678
0.0912121
0.0911564
0.0911008
0.0910452
0.0909896
0.0909341
0.0908786
0.0908231
0.0907676
0.0907122
0.0906569
0.0906015
0.0905462
0.0904909
0.0904356
0.0903804
0.0903252
0.09027
0.0902149
0.0901598
0.0901047
0.0900496
0.0899946
0.0899396
0.0898847
0.0898298
0.0897749
0.08972
0.0896652
0.0896104
0.0895556
0.0895009
0.0894461
0.0893915
0.0893368
0.0892822
0.0892276
0.089173
0.0891185
0.089064
0.0890095
0.0889551
0.0889007
0.0888463
0.088792
0.0887376
0.0886833
0.0886291
0.0885749
0.0885207
0.0884665
0.0884124
0.0883582
0.0883042
0.0882501
0.0881961
0.0881421
0.0880882
0.0880342
0.0879803
0.0879265
0.0878726
0.0878188
0.087765
0.0877113
0.0876576
0.0876039
0.0875502
0.0874966
0.087443
0.0873894
0.0873359
0.0872824
0.0872289
0.0871754
0.087122
0.0870686
0.0870153
0.0869619
0.0869086
0.0868554
0.0868021
0.0867489
0.0866957
0.0866426
0.0865895
0.0865364
0.0864833
0.0864303
0.0863773
0.0863243
0.0862713
0.0862184
0.0861655
0.0861127
0.0860598
0.086007
0.0859543
0.0859015
0.0858488
0.0857961
0.0857435
0.0856909
0.0856383
0.0855857
0.0855332
0.0854807
0.0854282
0.0853757
0.0853233
0.0852709
0.0852186
0.0851662
0.0851139
0.0850617
0.0850094
0.0849572
0.084905
0.0848529
0.0848007
0.0847486
0.0846966
0.0846445
0.0845925
0.0845405
0.0844886
0.0844367
0.0843848
0.0843329
0.0842811
0.0842292
0.0841775
0.0841257
0.084074
0.0840223
0.0839706
0.083919
0.0838674
0.0838158
0.0837643
0.0837128
0.0836613
0.0836098
0.0835584
0.083507
0.0834556
0.0834042
0.0833529
0.0833016
0.0832504
0.0831991
0.0831479
0.0830968
0.0830456
0.0829945
0.0829434
0.0828923
0.0828413
0.0827903
0.0827393
0.0826884
0.0826375
0.0825866
0.0825357
0.0824849
0.0824341
0.0823833
0.0823325
0.0822818
0.0822311
0.0821805
0.0821298
0.0820792
0.0820286
0.0819781
0.0819276
0.0818771
0.0818266
0.0817762
0.0817258
0.0816754
0.081625
0.0815747
0.0815244
0.0814741
0.0814239
0.0813737
0.0813235
0.0812733
0.0812232
0.0811731
0.081123
0.081073
0.081023
0.080973
0.080923
0.0808731
0.0808232
0.0807733
0.0807235
0.0806736
0.0806238
0.0805741
0.0805243
0.0804746
0.080425
0.0803753
0.0803257
0.0802761
0.0802265
0.080177
0.0801275
0.080078
0.0800285
0.0799791
0.0799297
0.0798803
0.0798309
0.0797816
0.0797323
0.0796831
0.0796338
0.0795846
0.0795354
0.0794863
0.0794371
0.079388
0.079339
0.0792899
0.0792409
0.0791919
0.079143
0.079094
0.0790451
0.0789962
0.0789474
0.0788986
0.0788498
0.078801
0.0787522
0.0787035
0.0786548
0.0786062
0.0785575
0.0785089
0.0784603
0.0784118
0.0783633
0.0783148
0.0782663
0.0782179
0.0781694
0.078121
0.0780727
0.0780243
0.077976
0.0779278
0.0778795
0.0778313
0.0777831
0.0777349
0.0776868
0.0776386
0.0775905
0.0775425
0.0774944
0.0774464
0.0773984
0.0773505
0.0773026
0.0772546
0.0772068
0.0771589
0.0771111
0.0770633
0.0770155
0.0769678
0.0769201
0.0768724
0.0768247
0.0767771
0.0767295
0.0766819
0.0766343
0.0765868
0.0765393
0.0764918
0.0764444
0.076397
0.0763496
0.0763022
0.0762549
0.0762075
0.0761603
0.076113
0.0760658
0.0760185
0.0759714
0.0759242
0.0758771
0.07583
0.0757829
0.0757358
0.0756888
0.0756418
0.0755949
0.0755479
0.075501
0.0754541
0.0754072
0.0753604
0.0753136
0.0752668
0.07522
0.0751733
0.0751266
0.0750799
0.0750333
0.0749866
0.07494
0.0748934
0.0748469
0.0748004
0.0747539
0.0747074
0.074661
0.0746145
0.0745681
0.0745218
0.0744754
0.0744291
0.0743828
0.0743366
0.0742903
0.0742441
0.0741979
0.0741518
0.0741056
0.0740595
0.0740134
0.0739674
0.0739214
0.0738754
0.0738294
0.0737834
0.0737375
0.0736916
0.0736457
0.0735999
0.0735541
0.0735083
0.0734625
0.0734167
0.073371
0.0733253
0.0732797
0.073234
0.0731884
0.0731428
0.0730972
0.0730517
0.0730062
0.0729607
0.0729152
0.0728698
0.0728244
0.072779
0.0727336
0.0726883
0.072643
0.0725977
0.0725524
0.0725072
0.072462
0.0724168
0.0723717
0.0723265
0.0722814
0.0722364
0.0721913
0.0721463
0.0721013
0.0720563
0.0720113
0.0719664
0.0719215
0.0718766
0.0718318
0.0717869
0.0717421
0.0716974
0.0716526
0.0716079
0.0715632
0.0715185
0.0714739
0.0714292
0.0713846
0.0713401
0.0712955
0.071251
0.0712065
0.071162
0.0711176
0.0710731
0.0710287
0.0709844
0.07094
0.0708957
0.0708514
0.0708071
0.0707629
0.0707186
0.0706744
0.0706303
0.0705861
0.070542
0.0704979
0.0704538
0.0704098
0.0703657
0.0703217
0.0702778
0.0702338
0.0701899
0.070146
0.0701021
0.0700583
0.0700144
0.0699706
0.0699268
0.0698831
0.0698394
0.0697957
0.069752
0.0697083
0.0696647
0.0696211
0.0695775
0.069534
0.0694904
0.0694469
0.0694034
0.06936
0.0693165
0.0692731
0.0692298
0.0691864
0.0691431
0.0690998
0.0690565
0.0690132
0.06897
0.0689268
0.0688836
0.0688404
0.0687973
0.0687541
0.0687111
0.068668
0.0686249
0.0685819
0.0685389
0.068496
0.068453
0.0684101
0.0683672
0.0683243
0.0682815
0.0682387
0.0681959
0.0681531
0.0681103
0.0680676
0.0680249
0.0679822
0.0679396
0.0678969
0.0678543
0.0678117
0.0677692
0.0677267
0.0676841
0.0676417
0.0675992
0.0675568
0.0675143
0.067472
0.0674296
0.0673872
0.0673449
0.0673026
0.0672604
0.0672181
0.0671759
0.0671337
0.0670915
0.0670494
0.0670072
0.0669651
0.0669231
0.066881
0.066839
0.066797
0.066755
0.066713
0.0666711
0.0666292
0.0665873
0.0665454
0.0665036
0.0664617
0.06642
0.0663782
0.0663364
0.0662947
0.066253
0.0662113
0.0661697
0.066128
0.0660864
0.0660449
0.0660033
0.0659618
0.0659203
0.0658788
0.0658373
0.0657959
0.0657544
0.065713
0.0656717
0.0656303
0.065589
0.0655477
0.0655064
0.0654652
0.0654239
0.0653827
0.0653415
0.0653004
0.0652592
0.0652181
0.065177
0.065136
0.0650949
0.0650539
0.0650129
0.0649719
0.064931
0.06489
0.0648491
0.0648083
0.0647674
0.0647266
0.0646858
0.064645
0.0646042
0.0645635
0.0645227
0.064482
0.0644414
0.0644007
0.0643601
0.0643195
0.0642789
0.0642383
0.0641978
0.0641573
0.0641168
0.0640763
0.0640359
0.0639955
0.0639551
0.0639147
0.0638743
0.063834
0.0637937
0.0637534
0.0637131
0.0636729
0.0636327
0.0635925
0.0635523
0.0635122
0.0634721
0.063432
0.0633919
0.0633518
0.0633118
0.0632718
0.0632318
0.0631918
0.0631519
0.063112
0.0630721
0.0630322
0.0629923
0.0629525
0.0629127
0.0628729
0.0628331
0.0627934
0.0627537
0.062714
0.0626743
0.0626347
0.062595
0.0625554
0.0625159
0.0624763
0.0624368
0.0623972
0.0623577
0.0623183
0.0622788
0.0622394
0.0622
0.0621606
0.0621213
0.0620819
0.0620426
0.0620033
0.061964
0.0619248
0.0618856
0.0618464
0.0618072
0.061768
0.0617289
0.0616898
0.0616507
0.0616116
0.0615726
0.0615336
0.0614946
0.0614556
0.0614166
0.0613777
0.0613388
0.0612999
0.061261
0.0612222
0.0611833
0.0611445
0.0611057
0.061067
0.0610282
0.0609895
0.0609508
0.0609122
0.0608735
0.0608349
0.0607963
0.0607577
0.0607191
0.0606806
0.0606421
0.0606036
0.0605651
0.0605266
0.0604882
0.0604498
0.0604114
0.0603731
0.0603347
0.0602964
0.0602581
0.0602198
0.0601816
0.0601433
0.0601051
0.0600669
0.0600287
0.0599906
0.0599525
0.0599144
0.0598763
0.0598382
0.0598002
0.0597622
0.0597242
0.0596862
0.0596482
0.0596103
0.0595724
0.0595345
0.0594966
0.0594588
0.059421
0.0593832
0.0593454
0.0593076
0.0592699
0.0592322
0.0591945
0.0591568
0.0591191
0.0590815
0.0590439
0.0590063
0.0589687
0.0589312
0.0588937
0.0588562
0.0588187
0.0587812
0.0587438
0.0587064
0.058669
0.0586316
0.0585942
0.0585569
0.0585196
0.0584823
0.058445
0.0584078
0.0583706
0.0583334
0.0582962
0.058259
0.0582219
0.0581847
0.0581476
0.0581106
0.0580735
0.0580365
0.0579995
0.0579625
0.0579255
0.0578885
0.0578516
0.0578147
0.0577778
0.0577409
0.0577041
0.0576673
0.0576304
0.0575937
0.0575569
0.0575202
0.0574834
0.0574467
0.0574101
0.0573734
0.0573368
0.0573001
0.0572635
0.057227
0.0571904
0.0571539
0.0571174
0.0570809
0.0570444
0.0570079
0.0569715
0.0569351
0.0568987
0.0568623
0.056826
0.0567897
0.0567534
0.0567171
0.0566808
0.0566446
0.0566083
0.0565721
0.056536
0.0564998
0.0564637
0.0564275
0.0563914
0.0563554
0.0563193
0.0562833
0.0562472
0.0562112
0.0561753
0.0561393
0.0561034
0.0560675
0.0560316
0.0559957
0.0559598
0.055924
0.0558882
0.0558524
0.0558166
0.0557809
0.0557451
0.0557094
0.0556737
0.0556381
0.0556024
0.0555668
0.0555312
0.0554956
0.05546
0.0554245
0.0553889
0.0553534
0.0553179
0.0552825
0.055247
0.0552116
0.0551762
0.0551408
0.0551054
0.0550701
0.0550347
0.0549994
0.0549641
0.0549289
0.0548936
0.0548584
0.0548232
0.054788
0.0547528
0.0547177
0.0546826
0.0546475
0.0546124
0.0545773
0.0545423
0.0545072
0.0544722
0.0544373
0.0544023
0.0543673
0.0543324
0.0542975
0.0542626
0.0542278
0.0541929
0.0541581
0.0541233
0.0540885
0.0540537
0.054019
0.0539842
0.0539495
0.0539148
0.0538802
0.0538455
0.0538109
0.0537763
0.0537417
0.0537071
0.0536726
0.053638
0.0536035
0.053569
0.0535346
0.0535001
0.0534657
0.0534313
0.0533969
0.0533625
0.0533282
0.0532938
0.0532595
0.0532252
0.0531909
0.0531567
0.0531224
0.0530882
0.053054
0.0530198
0.0529857
0.0529515
0.0529174
0.0528833
0.0528492
0.0528152
0.0527811
0.0527471
0.0527131
0.0526791
0.0526452
0.0526112
0.0525773
0.0525434
0.0525095
0.0524756
0.0524418
0.052408
0.0523742
0.0523404
0.0523066
0.0522728
0.0522391
0.0522054
0.0521717
0.052138
0.0521044
0.0520707
0.0520371
0.0520035
0.0519699
0.0519364
0.0519029
0.0518693
0.0518358
0.0518023
0.0517689
0.0517354
0.051702
0.0516686
0.0516352
0.0516018
0.0515685
0.0515352
0.0515019
0.0514686
0.0514353
0.051402
0.0513688
0.0513356
0.0513024
0.0512692
0.0512361
0.0512029
0.0511698
0.0511367
0.0511036
0.0510705
0.0510375
0.0510045
0.0509715
0.0509385
0.0509055
0.0508726
0.0508396
0.0508067
0.0507738
0.0507409
0.0507081
0.0506752
0.0506424
0.0506096
0.0505768
0.0505441
0.0505113
0.0504786
0.0504459
0.0504132
0.0503805
0.0503479
0.0503152
0.0502826
0.05025
0.0502175
0.0501849
0.0501524
0.0501198
0.0500873
0.0500549
0.0500224
0.0499899
